[Runtime]
screenCoefH=1.000000
screenCoefW=1.000000

